0.0 41.621436 18.047724 30.021817 16.554823 38.047913 30.851679
41.621436 0.0 36.185017 24.691644 34.020496 14.332659 20.91773
18.047724 36.185017 0.0 23.839064 6.208849 34.00572 20.952008
30.021817 24.691644 23.839064 0.0 20.644736 30.288998 10.474156
16.554823 34.020496 6.208849 20.644736 0.0 32.085124 19.18476
38.047913 14.332659 34.00572 30.288998 32.085124 0.0 24.754864
30.851679 20.91773 20.952008 10.474156 19.18476 24.754864 0.0